wall: 0.174
user: 0.236275
system: 0.02946
memory: 266534.9
