wall: 0.038
user: 3.0308878
system: 0.063008
memory: 266534.9
